6738   03 03 03 03  03 03 03 03  03 03 03 03  03 03 03 03
6748   03 03 03 03  03 03 03 03  03 03 03 03  03 03 03 03
6758   03 03 03 03  03 03 03 03  03 00 00 00  00 00 00 00
6768   00 00 00 00  00 00 00 00  00 00 00 00  00 00 00 00
6778   00 00 00 00  00 00 00 00  00 00 00 00  00 00 00 03
6788   03 00 08 03  03 03 09 00  00 00 00 00  00 00 00 00
6798   00 00 00 00  00 00 00 00  00 00 00 00  00 00 00 00
67a8   00 00 00 00  00 00 00 03  03 00 08 03  00 00 08 00
67b8   08 03 03 03  00 08 03 00  08 00 08 03  00 00 00 08
67c8   03 03 09 00  08 03 03 03  00 08 03 03  09 00 00 03
67d8   03 00 08 03  03 03 0a 00  08 03 00 08  00 08 03 00
67e8   08 00 08 03  00 00 00 08  03 00 08 00  08 03 00 00
67f8   00 08 03 00  08 00 00 03  03 00 08 03  03 03 09 00
6808   08 03 00 08  00 08 03 00  08 00 08 03  00 00 00 08
6818   03 00 08 00  08 03 03 00  00 08 03 03  0a 00 00 03
6828   03 00 08 03  00 00 08 00  08 03 00 08  00 08 03 00
6838   08 00 08 03  00 00 00 08  03 00 08 00  08 03 00 00
6848   00 08 03 03  09 00 00 03  03 00 08 03  03 03 0a 00
6858   08 03 03 03  00 08 03 03  03 00 08 03  03 03 00 08
6868   03 03 0a 00  08 03 03 03  00 08 03 00  08 00 00 03
6878   03 00 00 00  00 00 00 00  00 00 00 00  00 00 00 00
6888   00 00 00 00  00 00 00 00  00 00 00 00  00 00 00 00
6898   00 00 00 00  00 00 00 03  03 00 00 00  00 00 00 08
68a8   03 03 03 09  00 00 00 00  00 00 00 00  00 00 00 00
68b8   00 00 00 00  00 00 00 00  00 00 00 00  00 00 00 03
68c8   03 00 00 00  00 00 00 08  03 00 00 08  00 00 08 03
68d8   09 00 08 03  03 03 00 08  03 00 00 08  00 1d 1e 1f
68e8   00 00 00 00  00 00 00 03  03 00 00 00  00 00 00 08
68f8   03 00 00 08  00 08 03 00  08 00 08 03  00 00 00 08
6908   03 00 00 08  00 00 00 00  00 00 00 00  00 00 00 03
6918   03 00 00 00  00 00 00 08  03 00 00 08  00 08 03 03
6928   03 00 08 03  03 03 00 08  03 03 03 03  00 00 00 00
6938   00 00 00 00  00 00 00 03  03 00 00 00  00 00 00 08
6948   03 00 00 08  00 08 03 00  08 00 00 00  08 03 00 08
6958   03 00 00 08  00 00 00 00  00 00 00 00  00 00 00 03
6968   03 00 00 00  00 00 00 08  03 03 03 0a  00 08 03 00
6978   08 00 08 03  03 03 00 08  03 00 00 08  00 00 00 00
6988   00 00 00 00  00 00 00 03  03 00 00 00  00 00 00 00
6998   00 00 00 00  00 00 00 00  00 00 00 00  00 00 00 00
69a8   00 00 00 00  00 00 00 00  00 00 00 00  00 00 00 03
69b8   03 03 03 03  03 03 03 03  03 03 03 03  03 03 03 03
69c8   03 03 03 03  03 03 03 03  03 03 03 03  03 03 03 03
69d8   03 03 03 03  03 03 03 03
